4294967278,35
4294967278,34
4294967278,33
4294967278,32
4294967278,31
4294967278,30
4294967278,29
4294967278,28
4294967278,27
4294967278,26
4294967278,25
4294967278,24
4294967278,23
4294967278,22
4294967278,21
4294967279,23
4294967279,22
4294967279,21
4294967279,20
4294967279,19
4294967279,18
4294967279,16
4294967279,15
4294967279,14
4294967279,13
4294967279,12
4294967279,330
4294967278,520
4294967279,329
4294967278,519
4294967278,199
4294967278,194
4294967278,191
4294967278,190
4294967278,189
4294967278,188
4294967278,187
4294967278,186
4294967278,185
4294967278,184
4294967278,183
4294967278,182
4294967278,181
4294967278,180
4294967278,179
4294967278,178
4294967278,177
4294967278,176
4294967278,175
4294967278,173
4294967278,172
4294967278,171
4294967278,170
4294967278,169
4294967278,168
4294967278,167
4294967278,166
4294967278,165
4294967278,164
4294967278,163
4294967278,162
4294967278,161
4294967278,160
4294967278,159
4294967278,158
4294967278,156
4294967278,518
4294967278,154
4294967278,153
4294967279,328
4294967278,517
4294967294,153
4294967294,1008
4294967294,128
4294967294,186
4294967294,129
4294967294,1004
4294967294,157
4294967294,413
4294967294,0
4294967294,36
4294967294,39
4294967294,41
4294967279,327
4294967294,5
4294967294,107
4294967294,42
4294967294,99
4294967294,76
4294967294,441
4294967294,46
4294967294,2
4294967294,393
4294967294,53
4294967294,51
4294967294,1
4294967294,82
4294967294,92
4294967294,91
4294967294,90
4294967294,88
4294967294,87
4294967294,86
4294967294,85
4294967294,84
4294967294,83
4294967294,158
4294967294,29
4294967294,28
4294967294,45
4294967278,516
4294967279,326
4294967279,325
4294967294,96
4294967294,94
13,4
13,3
13,2
13,1
4294967279,324
4294967294,9
4294967294,8
0,7
4294967294,93
4294967294,95
4294967294,50
4294967294,166
4294967294,24
4294967294,175
4294967294,173
4294967294,384
4294967294,184
4294967294,180
4294967294,182
4294967294,44
4294967294,106
4294967294,169
4294967294,183
4294967294,126
4294967294,18
4294967294,471
4294967279,323
4294967278,515
4294967279,322
4294967278,514
4294967279,133
4294967279,272
4294967279,269
4294967279,268
4294967278,513
4294967279,285
4294967278,512
4294967278,260
4294967279,265
4294967294,470
4294967279,264
4294967279,321
4294967279,262
4294967279,284
4294967279,259
4294967278,319
4294967279,258
4294967278,318
4294967279,320
4294967278,317
4294967279,319
4294967278,316
4294967279,318
4294967278,315
4294967279,317
4294967278,314
4294967279,316
4294967278,313
4294967279,315
4294967278,312
4294967278,311
4294967279,314
4294967278,254
4294967278,253
4294967278,250
4294967294,17
4294967294,67
4294967294,426
4294967294,43
4294967294,417
4294967294,52
4294967294,26
4294967279,313
4294967279,0
4294967278,247
4294967278,244
4294967278,242
4294967278,240
4294967278,238
4294967278,237
4294967278,236
4294967278,234
4294967278,232
4294967278,230
4294967278,228
4294967278,226
4294967278,224
4294967278,223
4294967278,220
4294967278,218
4294967278,216
4294967278,215
4294967278,213
4294967278,212
4294967278,211
4294967278,210
4294967278,209
4294967278,208
4294967278,207
4294967278,206
4294967278,205
4294967278,204
4294967278,203
4294967278,202
4294967278,201
4294967278,200
4294967279,312
4294967279,260
4294967278,198
4294967294,12
4294967294,25
4294967294,1022
4294967294,27
4294967294,22
0,5
4294967278,197
4294967278,196
4294967278,195
4294967278,193
4294967294,7
4294967294,6
4294967278,192
4294967294,81
4294967294,203
4294967294,68
4294967294,11
4294967278,132
4294967278,131
4294967278,130
4294967278,129
4294967278,128
4294967278,127
4294967278,126
4294967278,125
4294967278,124
4294967278,123
4294967278,122
4294967278,121
4294967278,120
4294967278,119
4294967278,118
4294967278,117
4294967278,116
4294967278,115
4294967278,114
4294967278,113
4294967278,112
4294967278,111
4294967278,110
4294967278,109
4294967278,108
4294967278,107
4294967278,106
4294967278,105
4294967278,104
4294967278,103
4294967278,102
4294967278,101
4294967278,100
4294967278,99
4294967278,98
4294967278,97
4294967278,96
4294967278,95
4294967278,94
4294967278,93
4294967278,92
4294967278,91
4294967278,90
4294967278,89
4294967278,87
4294967278,86
4294967278,85
4294967278,84
4294967278,83
4294967278,82
4294967278,81
4294967278,80
4294967278,79
4294967278,78
4294967278,77
4294967278,76
4294967278,75
4294967278,74
4294967278,73
4294967278,72
4294967278,71
4294967278,70
4294967278,69
4294967278,68
4294967278,67
4294967278,66
4294967278,65
4294967278,64
4294967278,63
4294967278,62
4294967278,61
4294967278,60
4294967278,59
4294967278,58
4294967278,57
4294967278,56
4294967278,55
4294967278,54
4294967278,53
4294967278,52
4294967278,51
4294967278,50
4294967278,49
